
[12, 0;
13, 0;
13, 0;
13, 0;
13, 0;
12, 0;
12, 0;
12, 0;
13, 0;
13, 0;
13, 0;
13, 0;
13, 0;
12, 0;
12, 0;
13, 0;
13, 0;
13, 0;
12, 0;
13, 0;
11, 0;
13, 0;
13, 0;
12, 0;
13, 0;
13, 0;
13, 0;
12, 0;
13, 0;
13, 0;
13, 0;
12, 0;
13, 0;
12, 0;
13, 0;
12, 0;
13, 0;
13, 0;
13, 0;
13, 0;
13, 0;
13, 0;
12, 0;
13, 0;
13, 0;
13, 0;
13, 0;
13, 0;
12, 0;
13, 0;
13, 0;
13, 0;
12, 0;
13, 0;
11, 0;
10, 0;
10, 0;
10, 0;
11, 0;
10, 0;
11, 0;
11, 0;
10, 0;
10, 0;
11, 0;
10, 0;
10, 0;
10, 0;
10, 0;
10, 0;
10, 0;
10, 0;
11, 0;
10, 0;
10, 0;
10, 0;
11, 0;
10, 0;
10, 0;
11, 0;
11, 0;
11, 0;
10, 0;
10, 0;
11, 0;
11, 0;
10, 0;
10, 0;
12, 0;
11, 0;
10, 0;
10, 0;
11, 0;
11, 0;
10, 0;
11, 0;
11, 0;
10, 0;
10, 0;
11, 0;
10, 0;
10, 0;
11, 0;
11, 0;
10, 0;
10, 0;
11, 0;
11, 0;
10, 0;
11, 0;
10, 0;
11, 0;
11, 0;
11, 0;
10, 0;
10, 0;
9, 0;
11, 0;
10, 0;
10, 0;
11, 0;
11, 0;
10, 0;
10, 0;
11, 0;
11, 0;
11, 0;
12, 0;
11, 0;
11, 0;
10, 0;
11, 0;
11, 0;
11, 0;
11, 0;
10, 0;
10, 0;
11, 0;
11, 0;
11, 0;
10, 0;
10, 0;
11, 0;
11, 0;
10, 0;
10, 0;
9, 0;
12, 0;
11, 0;
11, 0;
11, 0;
10, 0;
11, 0;
11, 0;
12, 0;
12, 0;
11, 0;
12, 0;
11, 0;
11, 0;
14, 0;
12, 0;
11, 0;
11, 0;
11, 0;
12, 0;
11, 0;
13, 0;
11, 0;
11, 0;
11, 0;
12, 0;
12, 0;
11, 0;
11, 0;
12, 0;
12, 0;
11, 0;
11, 0;
14, 0;
11, 0;
11, 0;
11, 0;
11, 0;
12, 0;
12, 0;
11, 0;
12, 0;
12, 0;
11, 0;
11, 0;
12, 0;
12, 0;
11, 0;
12, 0;
12, 0;
11, 0;
11, 0;
12, 0;
12, 0;
11, 0;
11, 0;
12, 0;
12, 0;
12, 0;
9, 0;
11, 0;
12, 0;
12, 0;
11, 0;
12, 0;
12, 0;
11, 0;
12, 0;
12, 0;
10, 0;
11, 0;
11, 0;
12, 0;
12, 0;
12, 0;
11, 0;
14, 0;
12, 0;
12, 0;
10, 0;
12, 0;
12, 0;
11, 0;
12, 0;
12, 0;
12, 0;
12, 0;
11, 0;
12, 0;
14, 0;
12, 0;
11, 0;
11, 0;
10, 0;
12, 0;
11, 0;
12, 0;
13, 0;
12, 0;
12, 0;
11, 0;
11, 0;
12, 0;
12, 0;
11, 0;
11, 0;
12, 0;
12, 0;
23, 0;
23, 0;
23, 0;
23, 0;
24, 0;
24, 0;
24, 0;
23, 0;
23, 0;
24, 0;
24, 0;
23, 0;
23, 0;
24, 0;
23, 0;
24, 0;
24, 0;
24, 0;
24, 0;
24, 0;
23, 0;
24, 0;
24, 0;
23, 0;
23, 0;
22, 0;
24, 0;
24, 0;
23, 0;
24, 0;
24, 0;
24, 0;
24, 0;
21, 0;
24, 0;
24, 0;
23, 0;
23, 0;
26, 0;
24, 0;
24, 0;
23, 0;
24, 0;
24, 0;
23, 0;
23, 0;
24, 0;
24, 0;
22, 0;
22, 0;
24, 0;
24, 0;
23, 0;
23, 0;
22, 0;
23, 0;
23, 0;
24, 0;
25, 0;
23, 0;
24, 0;
24, 0;
24, 0;
24, 0;
24, 0;
23, 0;
23, 0;
24, 0;
24, 0;
25, 0;
24, 0;
24, 0;
23, 0;
24, 0;
24, 0;
24, 0;
24, 0;
23, 0;
24, 0;
24, 0;
23, 0;
24, 0;
26, 0;
23, 0;
21, 0;
24, 0;
24, 0;
24, 0;
23, 0;
24, 0;
24, 0;
23, 0;
24, 0;
24, 0;
23, 0;
24, 0;
24, 0;
24, 0;
23, 0;
23, 0;
27, 0;
24, 0;
24, 0;
25, 0;
24, 0;
25, 0;
25, 0;
25, 0;
24, 0;
24, 0;
25, 0;
25, 0;
24, 0;
25, 0;
25, 0;
26, 0;
24, 0;
25, 0;
25, 0;
25, 0;
25, 0;
27, 0;
25, 0;
25, 0;
25, 0;
24, 0;
22, 0;
25, 0;
25, 0;
25, 0;
25, 0;
25, 0;
26, 0;
25, 0;
25, 0;
24, 0;
24, 0;
25, 0;
25, 0;
24, 0;
25, 0;
25, 0;
24, 0;
24, 0;
24, 0;
24, 0;
25, 0;
25, 0;
24, 0;
25, 0;
25, 0;
24, 0;
25, 0;
25, 0;
23, 0;
25, 0;
25, 0;
24, 0;
24, 0;
25, 0;
23, 0;
25, 0;
23, 0;
24, 0;
24, 0;
25, 0;
25, 0;
25, 0;
24, 0;
25, 0;
25, 0;
25, 0;
26, 0;
24, 0;
25, 0;
24, 0;
24, 0;
25, 0;
25, 0;
25, 0;
24, 0;
25, 0;
25, 0;
22, 0;
24, 0;
25, 0;
25, 0;
25, 0;
24, 0;
24, 0;
24, 0;
25, 0;
24, 0;
25, 0;
25, 0;
24, 0;
25, 0;
24, 0;
25, 0;
25, 0;
10, 0;
11, 0;
9, 0;
11, 0;
11, 0;
10, 0;
10, 0;
11, 0;
10, 0;
11, 0;
11, 0;
10, 0;
10, 0;
11, 0;
10, 0;
10, 0;
13, 0;
11, 0;
11, 0;
10, 0;
10, 0;
10, 0;
10, 0;
11, 0;
11, 0;
9, 0;
11, 0;
11, 0;
10, 0;
10, 0;
10, 0;
11, 0;
11, 0;
10, 0;
10, 0;
13, 0;
10, 0;
12, 0;
10, 0;
11, 0;
11, 0;
12, 0;
10, 0;
10, 0;
9, 0;
11, 0;
11, 0;
10, 0;
11, 0;
11, 0;
11, 0;
10, 0;
11, 0;
10, 0;
11, 0;
10, 0;
11, 0;
11, 0;
10, 0;
11, 0;
10, 0;
10, 0;
10, 0;
11, 0;
9, 0;
10, 0;
10, 0;
10, 0;
11, 0;
12, 0;
10, 0;
11, 0;
10, 0;
11, 0;
11, 0;
10, 0;
10, 0;
11, 0;
11, 0;
10, 0;
10, 0;
10, 0;
11, 0;
10, 0;
11, 0;
13, 0;
10, 0;
10, 0;
10, 0;
9, 0;
11, 0;
11, 0;
10, 0;
10, 0;
11, 0;
11, 0;
10, 0;
10, 0;
12, 0;
10, 0;
9, 0;
10, 0;
10, 0;
9, 0;
10, 0;
10, 0;
8, 0;
9, 0;
10, 0;
10, 0;
7, 0;
12, 0;
10, 0;
9, 0;
10, 0;
9, 0;
10, 0;
10, 0;
9, 0;
10, 0;
9, 0;
9, 0;
10, 0;
9, 0;
9, 0;
9, 0;
10, 0;
10, 0;
8, 0;
10, 0;
9, 0;
9, 0;
9, 0;
9, 0;
9, 0;
8, 0;
10, 0;
10, 0;
10, 0;
9, 0;
9, 0;
9, 0;
10, 0;
10, 0;
9, 0;
9, 0;
9, 0;
10, 50;
10, 0;
10, 0;
9, 0;
9, 0;
9, 0;
10, 0;
10, 0;
9, 0;
9, 0;
10, 0;
9, 0;
9, 0;
9, 0;
9, 0;
10, 0;
9, 0;
9, 0;
9, 0;
9, 0;
10, 0;
9, 0;
9, 0;
10, 0;
9, 0;
9, 0;
10, 0;
9, 0;
9, 0;
10, 0;
9, 0;
9, 0;
9, 0;
9, 0;
9, 0;
9, 0;
9, 0;
10, 0;
7, 0;
9, 0;
10, 0;
10, 0;
9, 0;
9, 0;
9, 0;
10, 0;
10, 0;
9, 0;
9, 0;
10, 0;
10, 0;
9, 0;
9, 0;
11, 0;
11, 0;
12, 0;
12, 0;
11, 0;
11, 0;
12, 0;
12, 0;
11, 0;
12, 0;
12, 0;
11, 0;
11, 0;
12, 0;
12, 0;
11, 0;
12, 0;
12, 0;
12, 0;
12, 0;
11, 0;
11, 0;
12, 0;
12, 0;
12, 0;
12, 0;
11, 0;
12, 0;
11, 0;
11, 0;
12, 0;
12, 0;
11, 0;
11, 0;
12, 0;
12, 0;
12, 0;
11, 0;
11, 0;
12, 0;
12, 0;
11, 0;
11, 0;
11, 0;
12, 0;
12, 0;
11, 0;
11, 0;
12, 0;
12, 0;
11, 0;
12, 0;
12, 0;
11, 0;
11, 0;
12, 0;
11, 0;
11, 0;
12, 0;
12, 0;
11, 0;
12, 0;
11, 0;
12, 0;
12, 0;
11, 0;
12, 0;
]
